1.9852383136749268
1.9772248268127441
1.978996992111206
1.987583875656128
2.026413917541504
2.0268049240112305
2.0215587615966797
2.053069591522217
2.0424375534057617
2.030214309692383
2.0272130966186523
2.021390438079834
2.0127084255218506
2.041179656982422
2.0407066345214844
2.0340921878814697
1.9717199802398682
2.053659200668335
2.05611252784729
2.0444774627685547
2.0504953861236572
2.0335185527801514
2.0317575931549072
2.05315899848938
2.0364911556243896
2.0336194038391113
2.049208402633667
2.043461561203003
2.056495428085327
2.0556812286376953
2.020232915878296
2.030308723449707
2.047027587890625
2.038353443145752
2.044454336166382
2.0354719161987305
2.048788070678711
2.033198118209839
2.026918411254883
2.049966335296631
2.10558819770813
2.095790147781372
2.0881311893463135
2.0946149826049805
2.0789413452148438
2.0878796577453613
2.091857433319092
2.082904577255249
2.1035349369049072
2.0973215103149414
2.0978453159332275
2.0813305377960205
2.110990047454834
2.098315954208374
2.0915486812591553
2.0716986656188965
2.0837318897247314
2.1024909019470215
2.0847036838531494
2.0781540870666504
2.0672664642333984
2.0765507221221924
2.0767977237701416
2.088942050933838
2.1103742122650146
2.0970513820648193
2.118406295776367
2.085570812225342
2.079744338989258
2.094733238220215
2.1038761138916016
2.0774285793304443
2.0940136909484863
2.0693206787109375
2.0932772159576416
2.1209936141967773
2.113495349884033
2.1208980083465576
2.1284515857696533
2.0900158882141113
2.0828235149383545
2.0855400562286377
2.087911367416382
2.100196361541748
2.110720157623291
2.1139931678771973
2.0936732292175293
2.10146427154541
2.095644474029541
2.1077523231506348
2.111527442932129
2.118823766708374
2.0908288955688477
2.10444712638855
2.0928215980529785
2.0743565559387207
2.0891528129577637
2.095958948135376
2.1054627895355225
2.0933783054351807
