2.0038764476776123
2.0366432666778564
2.0415902137756348
2.043942451477051
2.0796992778778076
2.096302032470703
2.0602099895477295
2.036759853363037
2.055940866470337
2.04289174079895
2.0424857139587402
2.0616772174835205
2.073524236679077
2.0690040588378906
2.051481008529663
2.073103427886963
2.0797691345214844
2.073679208755493
2.0660033226013184
2.0463619232177734
2.0850002765655518
2.0534684658050537
2.0496323108673096
2.0385050773620605
2.0587403774261475
2.0520832538604736
2.067873954772949
2.0773935317993164
2.063251495361328
2.047880172729492
2.053614616394043
2.0765273571014404
2.0715534687042236
2.072995662689209
2.087902545928955
2.074671745300293
2.0992510318756104
2.090327262878418
2.093592882156372
2.0712697505950928
2.090085506439209
2.1027636528015137
2.1227200031280518
2.0976004600524902
2.0725507736206055
2.091642379760742
2.108057737350464
2.0975377559661865
2.0957796573638916
2.1065309047698975
2.083111524581909
2.090579032897949
2.0842978954315186
2.098543167114258
2.116572380065918
2.096449851989746
2.0943334102630615
2.0957112312316895
2.098013401031494
2.087507963180542
2.1200063228607178
2.1179122924804688
2.096156597137451
2.1048502922058105
2.0860774517059326
2.114420175552368
2.0858139991760254
2.098839044570923
2.091989278793335
2.1122021675109863
2.1027495861053467
2.1043710708618164
2.129685163497925
2.100497007369995
2.0967164039611816
2.112016201019287
2.1084365844726562
2.1196694374084473
2.0910110473632812
2.116321325302124
2.0913100242614746
2.108821153640747
2.115440607070923
2.0780389308929443
2.1213362216949463
2.093069076538086
2.112053871154785
2.0940308570861816
2.1211562156677246
2.0843911170959473
2.0994274616241455
2.115615129470825
2.0931310653686523
2.0908679962158203
2.10615873336792
2.0916099548339844
2.106844902038574
2.111044406890869
2.1315982341766357
2.1062567234039307
