2.0368103981018066
2.0876305103302
2.026042938232422
2.072286605834961
2.0651211738586426
2.116504669189453
2.0429136753082275
2.070448875427246
2.0740885734558105
2.0782148838043213
2.0642213821411133
2.094156265258789
2.079706907272339
2.1018590927124023
2.111072301864624
2.076354742050171
2.090776205062866
2.1126906871795654
2.0951008796691895
2.083653688430786
2.088357448577881
2.102857828140259
2.1286532878875732
2.052335739135742
2.102771759033203
2.0977044105529785
2.1135218143463135
2.1210358142852783
2.104653835296631
2.1085801124572754
2.121854543685913
2.108567953109741
2.0884275436401367
2.1025447845458984
2.1059539318084717
2.0918588638305664
2.1049890518188477
2.086395263671875
2.1070175170898438
2.087862014770508
2.0943589210510254
2.097543954849243
2.111217498779297
2.098820209503174
2.1056854724884033
2.1382367610931396
2.1472864151000977
2.1414217948913574
2.1113967895507812
2.0907270908355713
2.066422939300537
2.1129050254821777
2.110118865966797
2.1286370754241943
2.1130168437957764
2.1067214012145996
2.1280319690704346
2.0833518505096436
2.0970778465270996
2.108592987060547
2.113680601119995
2.1085429191589355
2.109981060028076
2.1335902214050293
2.1080727577209473
2.08897066116333
2.119946002960205
2.0730814933776855
2.095689535140991
2.1076691150665283
2.1079578399658203
2.055626392364502
2.0736167430877686
2.0643222332000732
2.1020286083221436
2.1085121631622314
2.087246894836426
2.116403818130493
2.0913336277008057
2.079287528991699
2.068596124649048
2.122304916381836
2.1315300464630127
2.1260271072387695
2.1311142444610596
2.1079940795898438
2.102503776550293
2.106187105178833
2.1123788356781006
2.0985758304595947
2.1006722450256348
2.1163973808288574
2.139951229095459
2.091346025466919
2.1167142391204834
2.1553292274475098
2.121706008911133
2.118162155151367
2.089700698852539
2.1266491413116455
