2.0064444541931152
2.0018720626831055
2.0651609897613525
2.065488815307617
2.068843364715576
2.0647926330566406
2.0562210083007812
2.0375168323516846
2.0565361976623535
2.0465970039367676
2.0466434955596924
2.0650529861450195
2.054497241973877
2.0582966804504395
2.07974910736084
2.0902976989746094
2.0635764598846436
2.0778634548187256
2.0686681270599365
2.0962932109832764
2.059890031814575
2.0690314769744873
2.1032373905181885
2.0722243785858154
2.068347215652466
2.066030263900757
2.1030406951904297
2.0873122215270996
2.0876293182373047
2.106337308883667
2.0839200019836426
2.115694284439087
2.077072858810425
2.0860626697540283
2.1045472621917725
2.084825277328491
2.096508741378784
2.0975799560546875
2.077374219894409
2.0881574153900146
2.075059413909912
2.097062826156616
2.0946593284606934
2.0889689922332764
2.0966851711273193
2.0677661895751953
2.0869545936584473
2.083843231201172
2.096630096435547
2.0845718383789062
2.07002592086792
2.0815231800079346
2.087364435195923
2.1081318855285645
2.080117702484131
2.093018054962158
2.1023972034454346
2.1092593669891357
2.087261915206909
2.0834903717041016
2.0975914001464844
2.087329149246216
2.103468179702759
2.102670431137085
2.1056599617004395
2.0617692470550537
2.0856213569641113
2.09906268119812
2.1217987537384033
2.1017887592315674
2.106483221054077
2.125209093093872
2.093899965286255
2.1187572479248047
2.115598201751709
2.0990586280822754
2.1116671562194824
2.0771162509918213
2.08569073677063
2.0955398082733154
2.095953941345215
2.100288152694702
2.0921285152435303
2.0865089893341064
2.112046241760254
2.0872209072113037
2.094855546951294
2.1106982231140137
2.0915207862854004
2.0926921367645264
2.095372438430786
2.0970518589019775
2.077165365219116
2.1018316745758057
2.095076084136963
2.082521438598633
2.10581636428833
2.0913164615631104
2.100165843963623
2.115265369415283
