2.0179214477539062
2.0423972606658936
2.042832136154175
2.0616860389709473
2.0595436096191406
2.08046293258667
2.0810546875
2.073495864868164
2.056164026260376
2.0528807640075684
2.0551161766052246
2.0764787197113037
2.0764434337615967
2.0516517162323
2.0880179405212402
2.0698890686035156
2.0513737201690674
2.0657272338867188
2.0713324546813965
2.068942070007324
2.064831018447876
2.094782590866089
2.093648672103882
2.0720369815826416
2.0723726749420166
2.085085868835449
2.0925283432006836
2.0863327980041504
2.0719869136810303
2.090346336364746
2.081338882446289
2.089916229248047
2.07924485206604
2.086735963821411
2.074362277984619
2.100902795791626
2.0781407356262207
2.0934743881225586
2.0874857902526855
2.093470573425293
2.0996406078338623
2.0900397300720215
2.097306966781616
2.072272300720215
2.063467025756836
2.085942029953003
2.0948405265808105
2.118372917175293
2.1222083568573
2.1115543842315674
2.11226749420166
2.0831127166748047
2.105384111404419
2.078104019165039
2.083207130432129
2.095104455947876
2.1140172481536865
2.0936625003814697
2.071078062057495
2.065474033355713
2.077841281890869
2.0954604148864746
2.091068744659424
2.0840847492218018
2.09306001663208
2.092146635055542
2.0983095169067383
2.0847008228302
2.1131231784820557
2.086827278137207
2.1044020652770996
2.0751564502716064
2.0782296657562256
2.09184193611145
2.0783274173736572
2.096095323562622
2.1005754470825195
2.088371992111206
2.09782338142395
2.0870490074157715
2.1020352840423584
2.0893940925598145
2.0770609378814697
2.0841240882873535
2.080178737640381
2.0982470512390137
2.0854954719543457
2.0977277755737305
2.076828956604004
2.089878559112549
2.1190154552459717
2.1110222339630127
2.0907363891601562
2.1027133464813232
2.0903918743133545
2.0887107849121094
2.1047918796539307
2.082624673843384
2.0913796424865723
2.1086349487304688
