
map5:
0.37400078773498535
2.8633198738098145
0.05725216865539551
0.04188728332519531
0.061799049377441406

Map4:
0.02892160415649414
0.09873676300048828
0.019919395446777344
0.015477895736694336
0.15657997131347656

Map3:
0.020917415618896484
0.031914710998535156
0.03433871269226074
0.0394589900970459
0.06183576583862305

map2:
0.009248733520507812
0.005982637405395508
0.008987665176391602
0.0049877166748046875
0.013435602188110352

map1:
0.00399017333984375
0.007948637008666992
0.03777337074279785
0.014958858489990234
0.009942770004272461