0.0
0.014496088027954102
0.006444692611694336
0.0046596527099609375
0.012055158615112305
0.0043926239013671875
0.0031785964965820312
0.006140947341918945
0.006204366683959961
0.0073642730712890625
0.007397890090942383
0.003255128860473633
0.0039103031158447266
0.00549769401550293
0.009384632110595703
0.0025625228881835938
0.021593332290649414
0.004641056060791016
0.0032389163970947266
0.007676601409912109
0.004381656646728516
0.005354881286621094
0.0069580078125
0.0043621063232421875
0.0038595199584960938
0.005010843276977539
0.005952119827270508
0.009011983871459961
0.009131193161010742
0.014992237091064453
0.015469789505004883
0.006379604339599609
0.004137992858886719
0.029491186141967773
0.013462066650390625
0.006455898284912109
0.023289918899536133
0.005219697952270508
0.0025899410247802734
0.008728504180908203
0.011935710906982422
0.006602764129638672
0.00886988639831543
0.009107828140258789
0.004755496978759766
0.004281520843505859
0.004630327224731445
0.0060694217681884766
0.005183696746826172
0.004408597946166992
0.005959987640380859
0.00420832633972168
0.010424375534057617
0.004804372787475586
0.0068590641021728516
0.004887104034423828
0.0035753250122070312
0.0038781166076660156
0.007035255432128906
0.02009749412536621
0.010252952575683594
0.007063388824462891
0.005173444747924805
0.0020051002502441406
0.005616903305053711
0.028459787368774414
0.007415056228637695
0.0052716732025146484
0.1195516586303711
0.006778717041015625
0.0042531490325927734
0.014910459518432617
0.003736734390258789
0.011357307434082031
0.0031690597534179688
0.005170583724975586
0.004047870635986328
0.004613161087036133
0.005101680755615234
0.0052394866943359375
0.0034775733947753906
0.05692148208618164
0.00528264045715332
0.003711700439453125
0.00791025161743164
0.0027434825897216797
0.005917549133300781
0.0028984546661376953
0.010748624801635742
0.0038204193115234375
0.013460159301757812
0.008252859115600586
0.02015089988708496
0.004057884216308594
0.0036728382110595703
0.004307270050048828
0.0038187503814697266
0.009734392166137695
0.0046710968017578125
0.0022487640380859375
0.005481243133544922
