0
0.014155387878417969
0.0040018558502197266
0.006388425827026367
0.013750553131103516
0.0041773319244384766
0.005438327789306641
0.002036571502685547
0.0022377967834472656
0.003682374954223633
0.006939411163330078
0.007886648178100586
0.004369258880615234
0.01221013069152832
0.0029735565185546875
0.0037915706634521484
0.023659706115722656
0.002139568328857422
0.009906768798828125
0.004429817199707031
0.017073631286621094
0.0184478759765625
0.009578466415405273
0.013591766357421875
0.006659030914306641
0.007666826248168945
0.006556510925292969
0.004731893539428711
0.009132146835327148
0.0038166046142578125
0.007368326187133789
0.0016651153564453125
0.004055500030517578
0.009341955184936523
0.009388923645019531
0.0046176910400390625
0.005340099334716797
0.005255937576293945
0.002142190933227539
0.005538463592529297
0.004668235778808594
0.01613330841064453
0.008580923080444336
0.013871192932128906
0.006983041763305664
0.014685869216918945
0.00898289680480957
0.005033016204833984
0.005415916442871094
0.004086017608642578
0.0045261383056640625
0.0025305747985839844
0.0017867088317871094
0.0107421875
0.004203319549560547
0.003950357437133789
0.012895584106445312
0.003423929214477539
0.003607511520385742
0.006055355072021484
0.0026297569274902344
0.007683753967285156
0.012092351913452148
0.0026540756225585938
0.004884004592895508
0.005963563919067383
0.006336688995361328
0.007779359817504883
0.024108171463012695
0.0066335201263427734
0.003249645233154297
0.012311697006225586
0.003412961959838867
0.030963897705078125
0.002353668212890625
0.01031351089477539
0.006682634353637695
0.015354633331298828
0.0029218196868896484
0.00598597526550293
0.008887052536010742
0.009079694747924805
0.0036644935607910156
0.0027837753295898438
0.004499673843383789
0.005859851837158203
0.0024204254150390625
0.005559444427490234
0.004099130630493164
0.007087230682373047
0.005728244781494141
0.010547876358032227
0.011603593826293945
0.008033275604248047
0.006333351135253906
0.0067827701568603516
0.00594329833984375
0.004402637481689453
0.007062435150146484
0.005324840545654297
0.004032611846923828
