0.0
0.019865989685058594
0.02024984359741211
0.025670528411865234
0.13687348365783691
0.1561901569366455
0.024586915969848633
0.10869646072387695
0.03584861755371094
0.06103849411010742
0.017499446868896484
0.03462386131286621
0.017555952072143555
0.04344296455383301
0.05753827095031738
0.030640840530395508
0.020111560821533203
0.024709224700927734
0.2448887825012207
0.012263774871826172
0.02243638038635254
0.08883357048034668
0.03398847579956055
0.12725257873535156
0.02469015121459961
0.030788183212280273
0.0269162654876709
0.08732390403747559
0.02303290367126465
0.020946979522705078
0.026671648025512695
0.019876718521118164
0.02541828155517578
0.009532690048217773
0.03092026710510254
0.048914194107055664
0.09218645095825195
0.00640416145324707
0.024578571319580078
0.017349958419799805
0.01338505744934082
0.020652294158935547
0.02663731575012207
0.01633596420288086
0.027346134185791016
0.06114649772644043
0.012920141220092773
0.13638091087341309
0.03865313529968262
0.06282758712768555
0.17261481285095215
0.031683921813964844
0.047575950622558594
0.08311891555786133
0.0370936393737793
0.08957195281982422
0.10738444328308105
0.03250622749328613
0.06740379333496094
0.10387063026428223
0.03521108627319336
0.02309393882751465
0.03747200965881348
0.10597372055053711
0.010646581649780273
0.01910996437072754
0.01226663589477539
0.30811405181884766
0.01773834228515625
0.030858755111694336
0.047799110412597656
0.016498565673828125
0.03171515464782715
0.04066181182861328
0.016141414642333984
0.019676923751831055
0.029323816299438477
0.01774430274963379
0.0182192325592041
0.07496976852416992
0.030930757522583008
0.04257011413574219
0.02527451515197754
0.041526079177856445
0.01853036880493164
0.028403759002685547
0.08941483497619629
0.08791399002075195
0.032567739486694336
0.026413679122924805
0.06822633743286133
0.05608725547790527
0.022592782974243164
0.04045414924621582
0.027257919311523438
0.020318269729614258
0.037447214126586914
0.049696922302246094
0.01564645767211914
0.034105777740478516
0.02235126495361328
