0.0
3.679323434829712
2.6115896701812744
0.3881373405456543
0.05693650245666504
0.5302155017852783
0.031877756118774414
0.47800374031066895
0.02226710319519043
0.05135345458984375
0.011791229248046875
0.05736517906188965
0.33657240867614746
0.028153419494628906
0.04347705841064453
0.18994688987731934
0.2087087631225586
0.055741071701049805
0.1199941635131836
0.394559383392334
0.04346179962158203
0.4956936836242676
0.040667057037353516
0.04669809341430664
0.479755163192749
0.09166216850280762
0.4640979766845703
0.11334729194641113
0.029717445373535156
0.14583992958068848
0.041117191314697266
0.016202449798583984
0.35942721366882324
0.21944189071655273
0.05485653877258301
0.24793314933776855
0.058686256408691406
0.10707926750183105
0.07441091537475586
0.06489086151123047
0.1275320053100586
0.13201093673706055
0.055048465728759766
0.452512264251709
0.09532856941223145
0.11513257026672363
0.19013094902038574
0.0694429874420166
0.16075587272644043
0.0481715202331543
3.6766979694366455
0.09587979316711426
0.7196557521820068
0.5340962409973145
0.20905184745788574
0.06047534942626953
0.08312582969665527
0.40340304374694824
0.16071629524230957
0.06389117240905762
0.1601238250732422
0.05262947082519531
0.10913228988647461
0.6528971195220947
0.03605079650878906
0.034059762954711914
0.24386143684387207
0.1459336280822754
0.15205955505371094
0.06678009033203125
0.368056058883667
0.12446260452270508
0.08909249305725098
0.05684185028076172
0.043550968170166016
0.03860211372375488
0.24324822425842285
0.06623268127441406
0.07268548011779785
0.06376385688781738
0.13797283172607422
0.24044275283813477
0.3370480537414551
0.08984375
0.41386961936950684
0.26693081855773926
0.04249739646911621
0.022055387496948242
0.07975125312805176
0.05309891700744629
0.09848475456237793
0.17713689804077148
0.36551713943481445
0.3135261535644531
0.049883127212524414
0.17944049835205078
0.06758379936218262
0.06430602073669434
1.392629623413086
0.04900383949279785
0.24146771430969238
