0.0
0.02394556999206543
0.0075168609619140625
0.027328968048095703
0.02219414710998535
0.013540029525756836
0.005700349807739258
0.01360774040222168
0.0032973289489746094
0.04220747947692871
0.020161151885986328
0.04873490333557129
0.0066585540771484375
0.04655861854553223
0.02133965492248535
0.02230238914489746
0.008563041687011719
0.030218124389648438
0.006578922271728516
0.01745009422302246
0.018802404403686523
0.011986017227172852
0.005029916763305664
0.006018400192260742
0.018814563751220703
0.01344156265258789
0.013642311096191406
0.02696967124938965
0.009670019149780273
0.010126829147338867
0.016783475875854492
0.07394194602966309
0.005833864212036133
0.024503707885742188
0.013120889663696289
0.05751371383666992
0.03124547004699707
0.013803243637084961
0.013293266296386719
0.007883548736572266
0.008714675903320312
0.010677814483642578
0.022032499313354492
0.04569506645202637
0.0480649471282959
0.016086339950561523
0.018029212951660156
0.012001752853393555
0.022851943969726562
0.009230613708496094
0.014410734176635742
0.03701066970825195
0.00571441650390625
0.015410900115966797
0.010902166366577148
0.015552759170532227
0.013181686401367188
0.014628887176513672
0.012787103652954102
0.013453483581542969
0.015183687210083008
0.0068149566650390625
0.013980865478515625
0.04751467704772949
0.009221553802490234
0.01058053970336914
0.019829511642456055
0.02290511131286621
0.020528078079223633
0.014583349227905273
0.010097265243530273
0.012359619140625
0.006161689758300781
0.04731345176696777
0.009661436080932617
0.01705312728881836
0.017730236053466797
0.010292291641235352
0.025208234786987305
0.02556610107421875
0.012394428253173828
0.011240243911743164
0.00549006462097168
0.0038666725158691406
0.06012582778930664
0.0020895004272460938
0.06405282020568848
0.01620650291442871
0.03930020332336426
0.007683753967285156
0.012445926666259766
0.011535167694091797
0.02456188201904297
0.05532956123352051
0.01811838150024414
0.02415633201599121
0.03640866279602051
0.022713661193847656
0.0064966678619384766
0.013622760772705078
0.0061376094818115234

0.033951520919799805
0.023573637008666992
0.057886600494384766
0.02084493637084961
0.028624773025512695
0.05047106742858887
0.034450531005859375
0.0373685359954834
0.019890308380126953
0.01730489730834961
0.02302265167236328
0.018764257431030273
0.13217711448669434
0.020497560501098633
0.046192169189453125
0.25962305068969727
0.017596006393432617
0.06397056579589844
0.16670846939086914
1.7208478450775146
0.07558441162109375
0.10750174522399902
0.02378106117248535
0.042122840881347656
0.009846210479736328
0.07137751579284668
0.5174093246459961
0.0330195426940918
0.02232050895690918
0.01616215705871582
0.06172895431518555
0.019924163818359375
0.020289182662963867
0.06752490997314453
0.009793519973754883
0.04601883888244629
0.019916772842407227
0.02967691421508789
0.03028249740600586
0.04098868370056152
0.1908416748046875
0.006798744201660156
0.02427196502685547
0.01813340187072754
0.04258441925048828
0.013796806335449219
0.02410602569580078
0.044351816177368164
0.028105735778808594
0.020404815673828125
0.013122797012329102
0.05242156982421875
0.06515216827392578
0.018233537673950195
0.019103050231933594
0.012463569641113281
0.11043071746826172
0.04697728157043457
0.0506439208984375
0.03801679611206055
0.03480172157287598
0.024548053741455078
0.005971670150756836
0.23390579223632812
0.01177072525024414
0.2955923080444336
0.009357690811157227
0.014741182327270508
0.03751802444458008
0.01446223258972168
0.04485797882080078
0.6043670177459717
0.6420760154724121
0.009038209915161133
0.020247220993041992
0.026813030242919922
0.08765912055969238
0.01999974250793457
0.23974990844726562
0.18987178802490234
0.017122745513916016
0.008291482925415039
0.1555795669555664
0.011411905288696289
0.02863597869873047
0.05594682693481445
0.0463564395904541
0.016244888305664062
0.01117849349975586
0.008000373840332031
0.08689475059509277
0.023107051849365234
0.06383419036865234
0.021105527877807617
0.38294243812561035
0.024703025817871094
0.0764317512512207
0.014952659606933594
0.023977994918823242
0.024630308151245117